	0	1	2	3	4	5	6	7	
	 ========================================================
Init    |0(0)	i	i	i	i	i	i	i	
1       |0(0)	5(0)	i	i	i	i	i	i	
2       |0(0)	5(0)	5(1)	i	-5(1)	6(1)	i	i	
3       |-2(4)	5(0)	5(1)	i	-5(1)	6(1)	6(2,5)	i	
4       |-2(4)	3(0)	5(1)	i	-5(1)	6(1)	6(2,5)	10(6)	
5       |-2(4)	3(0)	3(1)	11(7)	-7(1)	4(1)	6(2,5)	10(6)	
6       |-4(4)	3(0)	3(1)	11(7)	-7(1)	4(1)	4(2,5)	10(6)	
7       |-4(4)	1(0)	3(1)	11(7)	-7(1)	4(1)	4(2,5)	8(6)	
Check   |-4(4)	1(0)	1(1)	9(7)	-9(1)	2(1)	4(2,5)	8(6)	
